+-----------------+-------------+----------+-------------+---------------+----------+---------+----------+
|      Times      | Campeonatos | Partidas | Gols feitos | Gols sofridos | Vitórias | Empates | Derrotas |
+-----------------+-------------+----------+-------------+---------------+----------+---------+----------+
| America-MG      |      6      |    228   |     227     |      332      |    58    |    61   |    109   |
+-----------------+-------------+----------+-------------+---------------+----------+---------+----------+
| America-RN      |      1      |    38    |      24     |       80      |     4    |    5    |    29    |
+-----------------+-------------+----------+-------------+---------------+----------+---------+----------+
| Athletico-PR    |      20     |    780   |     1032    |      965      |    309   |   189   |    282   |
+-----------------+-------------+----------+-------------+---------------+----------+---------+----------+
| Atletico-GO     |      7      |    266   |     288     |      363      |    72    |    79   |    115   |
+-----------------+-------------+----------+-------------+---------------+----------+---------+----------+
| Atletico-MG     |      20     |    779   |     1131    |      978      |    327   |   199   |    253   |
+-----------------+-------------+----------+-------------+---------------+----------+---------+----------+
| Avai            |      7      |    266   |     274     |      415      |    66    |    73   |    127   |
+-----------------+-------------+----------+-------------+---------------+----------+---------+----------+
| Bahia           |      11     |    426   |     480     |      565      |    127   |   121   |    178   |
+-----------------+-------------+----------+-------------+---------------+----------+---------+----------+
| Barueri         |      1      |    38    |      59     |       52      |    12    |    13   |    13    |
+-----------------+-------------+----------+-------------+---------------+----------+---------+----------+
| Botafogo-RJ     |      18     |    696   |     876     |      881      |    247   |   190   |    259   |
+-----------------+-------------+----------+-------------+---------------+----------+---------+----------+
| Bragantino      |      4      |    152   |     203     |      180      |    55    |    50   |    47    |
+-----------------+-------------+----------+-------------+---------------+----------+---------+----------+
| Brasiliense     |      1      |    42    |      49     |       68      |    10    |    12   |    20    |
+-----------------+-------------+----------+-------------+---------------+----------+---------+----------+
| Ceara           |      7      |    266   |     277     |      317      |    72    |    92   |    102   |
+-----------------+-------------+----------+-------------+---------------+----------+---------+----------+
| Chapecoense     |      7      |    265   |     261     |      359      |    70    |    77   |    118   |
+-----------------+-------------+----------+-------------+---------------+----------+---------+----------+
| Corinthians     |      20     |    780   |     999     |      832      |    326   |   229   |    225   |
+-----------------+-------------+----------+-------------+---------------+----------+---------+----------+
| Coritiba        |      15     |    590   |     693     |      787      |    189   |   151   |    250   |
+-----------------+-------------+----------+-------------+---------------+----------+---------+----------+
| Criciuma        |      4      |    168   |     194     |      264      |    50    |    38   |    80    |
+-----------------+-------------+----------+-------------+---------------+----------+---------+----------+
| Cruzeiro        |      18     |    704   |     1013    |      850      |    304   |   165   |    235   |
+-----------------+-------------+----------+-------------+---------------+----------+---------+----------+
| CSA             |      1      |    38    |      24     |       58      |     8    |    8    |    22    |
+-----------------+-------------+----------+-------------+---------------+----------+---------+----------+
| Cuiaba          |      3      |    114   |     105     |      118      |    34    |    37   |    43    |
+-----------------+-------------+----------+-------------+---------------+----------+---------+----------+
| Figueirense     |      11     |    438   |     530     |      622      |    142   |   124   |    172   |
+-----------------+-------------+----------+-------------+---------------+----------+---------+----------+
| Flamengo        |      21     |    818   |     1169    |      962      |    354   |   221   |    243   |
+-----------------+-------------+----------+-------------+---------------+----------+---------+----------+
| Fluminense      |      21     |    818   |     1098    |      1032     |    322   |   213   |    283   |
+-----------------+-------------+----------+-------------+---------------+----------+---------+----------+
| Fortaleza       |      8      |    316   |     374     |      421      |    108   |    79   |    129   |
+-----------------+-------------+----------+-------------+---------------+----------+---------+----------+
| Goias           |      15     |    590   |     789     |      839      |    209   |   142   |    239   |
+-----------------+-------------+----------+-------------+---------------+----------+---------+----------+
| Gremio          |      19     |    738   |     1019    |      834      |    316   |   185   |    237   |
+-----------------+-------------+----------+-------------+---------------+----------+---------+----------+
| Gremio Prudente |      1      |    38    |      39     |       64      |     7    |    10   |    21    |
+-----------------+-------------+----------+-------------+---------------+----------+---------+----------+
| Guarani         |      3      |    130   |     140     |      180      |    36    |    39   |    55    |
+-----------------+-------------+----------+-------------+---------------+----------+---------+----------+
| Internacional   |      20     |    780   |     1041    |      852      |    339   |   202   |    239   |
+-----------------+-------------+----------+-------------+---------------+----------+---------+----------+
| Ipatinga        |      1      |    38    |      37     |       67      |    NA    |    8    |    21    |
+-----------------+-------------+----------+-------------+---------------+----------+---------+----------+
| Joinville       |      1      |    38    |      26     |       48      |     7    |    10   |    21    |
+-----------------+-------------+----------+-------------+---------------+----------+---------+----------+
| Juventude       |      7      |    286   |     333     |      440      |    85    |    76   |    125   |
+-----------------+-------------+----------+-------------+---------------+----------+---------+----------+
| Nautico         |      5      |    190   |     224     |      318      |    54    |    38   |    98    |
+-----------------+-------------+----------+-------------+---------------+----------+---------+----------+
| Palmeiras       |      19     |    734   |     1077    |      840      |    329   |   190   |    215   |
+-----------------+-------------+----------+-------------+---------------+----------+---------+----------+
| Parana          |      6      |    248   |     312     |      369      |    83    |    55   |    110   |
+-----------------+-------------+----------+-------------+---------------+----------+---------+----------+
| Paysandu        |      3      |    134   |     193     |      245      |    41    |    31   |    62    |
+-----------------+-------------+----------+-------------+---------------+----------+---------+----------+
| Ponte Preta     |      9      |    362   |     414     |      534      |    114   |    91   |    157   |
+-----------------+-------------+----------+-------------+---------------+----------+---------+----------+
| Portuguesa      |      3      |    114   |     137     |      157      |    31    |    38   |    45    |
+-----------------+-------------+----------+-------------+---------------+----------+---------+----------+
| Santa Cruz      |      2      |    76    |      86     |      145      |    15    |    14   |    47    |
+-----------------+-------------+----------+-------------+---------------+----------+---------+----------+
| Santo Andre     |      1      |    38    |      46     |       61      |    11    |    8    |    19    |
+-----------------+-------------+----------+-------------+---------------+----------+---------+----------+
| Santos          |      21     |    818   |     1178    |      982      |    340   |   217   |    261   |
+-----------------+-------------+----------+-------------+---------------+----------+---------+----------+
| Sao Caetano     |      4      |    172   |     209     |      199      |    65    |    41   |    66    |
+-----------------+-------------+----------+-------------+---------------+----------+---------+----------+
| Sao Paulo       |      21     |    818   |     1163    |      879      |    365   |   229   |    224   |
+-----------------+-------------+----------+-------------+---------------+----------+---------+----------+
| Sport           |      11     |    415   |     463     |      568      |    131   |   107   |    180   |
+-----------------+-------------+----------+-------------+---------------+----------+---------+----------+
| Vasco           |      16     |    628   |     788     |      883      |    208   |   186   |    234   |
+-----------------+-------------+----------+-------------+---------------+----------+---------+----------+
| Vitoria         |      10     |    396   |     492     |      581      |    123   |    99   |    174   |
+-----------------+-------------+----------+-------------+---------------+----------+---------+----------+